0000000000000000000000000000
0111111111111001111111111110
0100001000001001000001000010
0200001000001001000001000020
0100001000001001000001000010
0111111111111111111111111110
0100001001000000001001000010
0100001001000000001001000010
0111111001111001111001111110
0000001000007007000001000000
0000001000007007000001000000
0000001007777777777001000000
0000001007666776667001000000
0000001007677777767001000000
7777771777677777767771777777
0000001007677777767001000000
0000001007666666667001000000
0000001007777777777001000000
0000001007000000007001000000
0000001007000000007001000000
0111111111111001111111111110
0100001000001001000001000010
0200001000001001000001000020
0111001111111111111111001110
0001001001000000001001001000
0001001001000000001001001000
0111111001111001111001111110
0100000000001001000000000010
0111111111111111111111111110
0000000000000000000000000000
